   0.00000000       1.00000000    
   9.99999978E-03   1.00999999    
   1.99999996E-02   1.01960003    
   2.99999993E-02   1.02881408    
   3.99999991E-02   1.03765571    
   4.99999970E-02   1.04613817    
   5.99999987E-02   1.05427432    
   7.00000003E-02   1.06207669    
   7.99999982E-02   1.06955743    
   8.99999961E-02   1.07672834    
   9.99999940E-02   1.08360088    
  0.109999999       1.09018624    
  0.119999997       1.09649503    
  0.129999995       1.10253775    
  0.140000001       1.10832465    
  0.149999991       1.11386538    
  0.159999996       1.11916947    
  0.170000002       1.12424612    
  0.179999992       1.12910426    
  0.189999998       1.13375247    
  0.199999988       1.13819897    
  0.209999993       1.14245188    
  0.219999999       1.14651883    
  0.229999989       1.15040743    
  0.239999995       1.15412474    
  0.250000000       1.15767777    
  0.259999990       1.16107321    
  0.269999981       1.16431749    
  0.280000001       1.16741669    
  0.289999992       1.17037690    
  0.299999982       1.17320371    
  0.310000002       1.17590261    
  0.319999993       1.17847884    
  0.329999983       1.18093741    
  0.340000004       1.18328309    
  0.349999994       1.18552053    
  0.359999985       1.18765414    
  0.370000005       1.18968809    
  0.379999995       1.19162631    
  0.389999986       1.19347262    
  0.399999976       1.19523072    
  0.409999996       1.19690406    
  0.419999987       1.19849586    
  0.429999977       1.20000923    
  0.439999998       1.20144713    
  0.449999988       1.20281231    
  0.459999979       1.20410740    
  0.469999999       1.20533502    
  0.479999989       1.20649743    
  0.489999980       1.20759690    
  0.500000000       1.20863545    
  0.509999990       1.20961499    
  0.519999981       1.21053743    
  0.529999971       1.21140456    
  0.539999962       1.21221793    
  0.550000012       1.21297908    
  0.560000002       1.21368945    
  0.569999993       1.21435034    
  0.579999983       1.21496296    
  0.589999974       1.21552849    
  0.599999964       1.21604800    
  0.610000014       1.21652257    
  0.620000005       1.21695304    
  0.629999995       1.21734023    
  0.639999986       1.21768498    
  0.649999976       1.21798813    
  0.659999967       1.21825027    
  0.669999957       1.21847200    
  0.680000007       1.21865404    
  0.689999998       1.21879685    
  0.699999988       1.21890104    
  0.709999979       1.21896708    
  0.719999969       1.21899545    
  0.729999959       1.21898651    
  0.740000010       1.21894073    
  0.750000000       1.21885860    
  0.759999990       1.21874034    
  0.769999981       1.21858644    
  0.779999971       1.21839726    
  0.789999962       1.21817315    
  0.799999952       1.21791446    
  0.810000002       1.21762145    
  0.819999993       1.21729457    
  0.829999983       1.21693420    
  0.839999974       1.21654069    
  0.849999964       1.21611428    
  0.859999955       1.21565545    
  0.870000005       1.21516466    
  0.879999995       1.21464217    
  0.889999986       1.21408856    
  0.899999976       1.21350408    
  0.909999967       1.21288931    
  0.919999957       1.21224463    
  0.930000007       1.21157062    
  0.939999998       1.21086764    
  0.949999988       1.21013629    
  0.959999979       1.20937705    
  0.969999969       1.20859051    
  0.979999959       1.20777726    
  0.989999950       1.20693791    
   1.00000000       1.20607305    
   1.00999999       1.20518327    
   1.01999998       1.20426929    
   1.02999997       1.20333171    
   1.03999996       1.20237124    
   1.04999995       1.20138860    
   1.05999994       1.20038450    
   1.06999993       1.19935966    
   1.07999992       1.19831479    
   1.09000003       1.19725072    
   1.10000002       1.19616818    
   1.11000001       1.19506800    
   1.12000000       1.19395101    
   1.13000000       1.19281793    
   1.13999999       1.19166958    
   1.14999998       1.19050682    
   1.15999997       1.18933046    
   1.16999996       1.18814135    
   1.17999995       1.18694031    
   1.18999994       1.18572819    
   1.19999993       1.18450582    
   1.20999992       1.18327391    
   1.22000003       1.18203342    
   1.23000002       1.18078506    
   1.24000001       1.17952979    
   1.25000000       1.17826831    
   1.25999999       1.17700136    
   1.26999998       1.17572975    
   1.27999997       1.17445433    
   1.28999996       1.17317581    
   1.29999995       1.17189491    
   1.30999994       1.17061234    
   1.31999993       1.16932869    
   1.32999992       1.16804481    
   1.33999991       1.16676128    
   1.35000002       1.16547871    
   1.36000001       1.16419768    
   1.37000000       1.16291881    
   1.38000000       1.16164267    
   1.38999999       1.16036987    
   1.39999998       1.15910077    
   1.40999997       1.15783596    
   1.41999996       1.15657580    
   1.42999995       1.15532064    
   1.43999994       1.15407097    
   1.44999993       1.15282714    
   1.45999992       1.15158939    
   1.46999991       1.15035808    
   1.48000002       1.14913344    
   1.49000001       1.14791572    
   1.50000000       1.14670503    
   1.50999999       1.14550161    
   1.51999998       1.14430559    
   1.52999997       1.14311695    
   1.53999996       1.14193583    
   1.54999995       1.14076221    
   1.55999994       1.13959622    
   1.56999993       1.13843775    
   1.57999992       1.13728666    
   1.58999991       1.13614297    
   1.59999990       1.13500643    
   1.61000001       1.13387704    
   1.62000000       1.13275456    
   1.63000000       1.13163877    
   1.63999999       1.13052952    
   1.64999998       1.12942648    
   1.65999997       1.12832952    
   1.66999996       1.12723827    
   1.67999995       1.12615240    
   1.68999994       1.12507164    
   1.69999993       1.12399554    
   1.70999992       1.12292385    
   1.71999991       1.12185621    
   1.73000002       1.12079227    
   1.74000001       1.11973155    
   1.75000000       1.11867368    
   1.75999999       1.11761832    
   1.76999998       1.11656499    
   1.77999997       1.11551332    
   1.78999996       1.11446285    
   1.79999995       1.11341321    
   1.80999994       1.11236393    
   1.81999993       1.11131465    
   1.82999992       1.11026502    
   1.83999991       1.10921454    
   1.84999990       1.10816300    
   1.86000001       1.10710979    
   1.87000000       1.10605466    
   1.88000000       1.10499728    
   1.88999999       1.10393727    
   1.89999998       1.10287440    
   1.90999997       1.10180819    
   1.91999996       1.10073853    
   1.92999995       1.09966505    
   1.93999994       1.09858751    
   1.94999993       1.09750569    
   1.95999992       1.09641945    
   1.96999991       1.09532857    
   1.97999990       1.09423280    
   1.99000001       1.09313214    
   2.00000000       1.09202647    
   2.00999999       1.09091568    
   2.01999998       1.08979976    
   2.02999997       1.08867872    
   2.03999996       1.08755243    
   2.04999995       1.08642113    
   2.05999994       1.08528471    
   2.06999993       1.08414340    
   2.07999992       1.08299732    
   2.08999991       1.08184659    
   2.09999990       1.08069134    
   2.10999990       1.07953191    
   2.11999989       1.07836843    
   2.12999988       1.07720125    
   2.13999987       1.07603061    
   2.14999986       1.07485688    
   2.15999985       1.07368040    
   2.16999984       1.07250154    
   2.18000007       1.07132077    
   2.19000006       1.07013845    
   2.20000005       1.06895506    
   2.21000004       1.06777096    
   2.22000003       1.06658673    
   2.23000002       1.06540287    
   2.24000001       1.06421995    
   2.25000000       1.06303847    
   2.25999999       1.06185889    
   2.26999998       1.06068194    
   2.27999997       1.05950809    
   2.28999996       1.05833793    
   2.29999995       1.05717194    
   2.30999994       1.05601084    
   2.31999993       1.05485523    
   2.32999992       1.05370569    
   2.33999991       1.05256283    
   2.34999990       1.05142713    
   2.35999990       1.05029929    
   2.36999989       1.04917979    
   2.37999988       1.04806924    
   2.38999987       1.04696822    
   2.39999986       1.04587734    
   2.40999985       1.04479694    
   2.41999984       1.04372764    
   2.42999983       1.04267001    
   2.44000006       1.04162443    
   2.45000005       1.04059124    
   2.46000004       1.03957105    
   2.47000003       1.03856409    
   2.48000002       1.03757083    
   2.49000001       1.03659153    
   2.50000000       1.03562653    
   2.50999999       1.03467596    
   2.51999998       1.03374016    
   2.52999997       1.03281927    
   2.53999996       1.03191352    
   2.54999995       1.03102291    
   2.55999994       1.03014743    
   2.56999993       1.02928722    
   2.57999992       1.02844214    
   2.58999991       1.02761221    
   2.59999990       1.02679729    
   2.60999990       1.02599716    
   2.61999989       1.02521157    
   2.62999988       1.02444029    
   2.63999987       1.02368295    
   2.64999986       1.02293921    
   2.65999985       1.02220857    
   2.66999984       1.02149057    
   2.67999983       1.02078462    
   2.69000006       1.02009022    
   2.70000005       1.01940668    
   2.71000004       1.01873326    
   2.72000003       1.01806927    
   2.73000002       1.01741385    
   2.74000001       1.01676619    
   2.75000000       1.01612532    
   2.75999999       1.01549041    
   2.76999998       1.01486039    
   2.77999997       1.01423419    
   2.78999996       1.01361072    
   2.79999995       1.01298881    
   2.80999994       1.01236725    
   2.81999993       1.01174486    
   2.82999992       1.01112032    
   2.83999991       1.01049232    
   2.84999990       1.00985956    
   2.85999990       1.00922060    
   2.86999989       1.00857401    
   2.87999988       1.00791836    
   2.88999987       1.00725210    
   2.89999986       1.00657380    
   2.90999985       1.00588191    
   2.91999984       1.00517476    
   2.92999983       1.00445092    
   2.93999982       1.00370872    
   2.95000005       1.00294650    
   2.96000004       1.00216269    
   2.97000003       1.00135565    
   2.98000002       1.00052369    
   2.99000001      0.999665141    
   3.00000000      0.998778403    
   3.00999999      0.997861743    
   3.01999998      0.996913612    
   3.02999997      0.995932281    
   3.03999996      0.994916141    
   3.04999995      0.993863583    
   3.05999994      0.992772996    
   3.06999993      0.991642773    
   3.07999992      0.990471303    
   3.08999991      0.989257097    
   3.09999990      0.987998605    
   3.10999990      0.986694336    
   3.11999989      0.985342860    
   3.12999988      0.983942688    
   3.13999987      0.982492447    
   3.14999986      0.980990827    
   3.15999985      0.979436457    
   3.16999984      0.977828145    
   3.17999983      0.976164579    
   3.18999982      0.974444628    
   3.19999981      0.972667158    
   3.21000004      0.970831156    
   3.22000003      0.968935549    
   3.23000002      0.966979384    
   3.24000001      0.964961767    
   3.25000000      0.962881863    
   3.25999999      0.960738897    
   3.26999998      0.958532155    
   3.27999997      0.956260979    
   3.28999996      0.953924775    
   3.29999995      0.951523006    
   3.30999994      0.949055254    
   3.31999993      0.946521103    
   3.32999992      0.943920255    
   3.33999991      0.941252470    
   3.34999990      0.938517570    
   3.35999990      0.935715437    
   3.36999989      0.932846069    
   3.37999988      0.929909468    
   3.38999987      0.926905751    
   3.39999986      0.923835099    
   3.40999985      0.920697749    
   3.41999984      0.917494059    
   3.42999983      0.914224327    
   3.43999982      0.910889089    
   3.44999981      0.907488823    
   3.46000004      0.904024124    
   3.47000003      0.900495648    
   3.48000002      0.896904111    
   3.49000001      0.893250287    
   3.50000000      0.889535010    
   3.50999999      0.885759175    
   3.51999998      0.881923795    
   3.52999997      0.878029823    
   3.53999996      0.874078333    
   3.54999995      0.870070457    
   3.55999994      0.866007328    
   3.56999993      0.861890197    
   3.57999992      0.857720315    
   3.58999991      0.853498995    
   3.59999990      0.849227548    
   3.60999990      0.844907403    
   3.61999989      0.840539992    
   3.62999988      0.836126745    
   3.63999987      0.831669152    
   3.64999986      0.827168703    
   3.65999985      0.822626948    
   3.66999984      0.818045497    
   3.67999983      0.813425899    
   3.68999982      0.808769763    
   3.69999981      0.804078698    
   3.70999980      0.799354315    
   3.72000003      0.794598281    
   3.73000002      0.789812207    
   3.74000001      0.784997761    
   3.75000000      0.780156612    
   3.75999999      0.775290370    
   3.76999998      0.770400703    
   3.77999997      0.765489280    
   3.78999996      0.760557652    
   3.79999995      0.755607486    
   3.80999994      0.750640333    
   3.81999993      0.745657802    
   3.82999992      0.740661442    
   3.83999991      0.735652804    
   3.84999990      0.730633438    
   3.85999990      0.725604773    
   3.86999989      0.720568299    
   3.87999988      0.715525448    
   3.88999987      0.710477650    
   3.89999986      0.705426216    
   3.90999985      0.700372517    
   3.91999984      0.695317805    
   3.92999983      0.690263331    
   3.93999982      0.685210347    
   3.94999981      0.680159986    
   3.95999980      0.675113380    
   3.97000003      0.670071661    
   3.98000002      0.665035784    
   3.99000001      0.660006821    
   4.00000000      0.654985666    
   4.00999975      0.649973214    
   4.01999998      0.644970357    
   4.02999973      0.639977872    
   4.03999996      0.634996474    
   4.04999971      0.630026937    
   4.05999994      0.625069857    
   4.06999969      0.620125890    
   4.07999992      0.615195513    
   4.08999968      0.610279322    
   4.09999990      0.605377734    
   4.11000013      0.600491166    
   4.11999989      0.595619977    
   4.13000011      0.590764523    
   4.13999987      0.585925043    
   4.15000010      0.581101775    
   4.15999985      0.576294959    
   4.17000008      0.571504653    
   4.17999983      0.566731036    
   4.19000006      0.561974108    
   4.19999981      0.557233930    
   4.21000004      0.552510500    
   4.21999979      0.547803700    
   4.23000002      0.543113530    
   4.23999977      0.538439810    
   4.25000000      0.533782423    
   4.25999975      0.529141188    
   4.26999998      0.524515927    
   4.27999973      0.519906342    
   4.28999996      0.515312254    
   4.29999971      0.510733366    
   4.30999994      0.506169379    
   4.31999969      0.501619935    
   4.32999992      0.497084737    
   4.33999968      0.492563456    
   4.34999990      0.488055736    
   4.36000013      0.483561188    
   4.36999989      0.479079425    
   4.38000011      0.474610090    
   4.38999987      0.470152795    
   4.40000010      0.465707123    
   4.40999985      0.461272717    
   4.42000008      0.456849158    
   4.42999983      0.452436090    
   4.44000006      0.448033094    
   4.44999981      0.443639815    
   4.46000004      0.439255893    
   4.46999979      0.434880942    
   4.48000002      0.430514634    
   4.48999977      0.426156640    
   4.50000000      0.421806604    
   4.50999975      0.417464256    
   4.51999998      0.413129300    
   4.52999973      0.408801466    
   4.53999996      0.404480487    
   4.54999971      0.400166124    
   4.55999994      0.395858198    
   4.56999969      0.391556501    
   4.57999992      0.387260854    
   4.58999968      0.382971138    
   4.59999990      0.378687233    
   4.61000013      0.374409020    
   4.61999989      0.370136470    
   4.63000011      0.365869492    
   4.63999987      0.361608118    
   4.65000010      0.357352316    
   4.65999985      0.353102148    
   4.67000008      0.348857641    
   4.67999983      0.344618917    
   4.69000006      0.340386063    
   4.69999981      0.336159229    
   4.71000004      0.331938565    
   4.71999979      0.327724248    
   4.73000002      0.323516518    
   4.73999977      0.319315583    
   4.75000000      0.315121710    
   4.75999975      0.310935169    
   4.76999998      0.306756258    
   4.77999973      0.302585274    
   4.78999996      0.298422575    
   4.79999971      0.294268519    
   4.80999994      0.290123463    
   4.81999969      0.285987794    
   4.82999992      0.281861901    
   4.83999968      0.277746201    
   4.84999990      0.273641109    
   4.85999966      0.269547075    
   4.86999989      0.265464514    
   4.88000011      0.261393905    
   4.88999987      0.257335663    
   4.90000010      0.253290266    
   4.90999985      0.249258161    
   4.92000008      0.245239809    
   4.92999983      0.241235673    
   4.94000006      0.237246200    
   4.94999981      0.233271837    
   4.96000004      0.229313031    
   4.96999979      0.225370228    
   4.98000002      0.221443847    
   4.98999977      0.217534304    
   5.00000000      0.213642001    
   5.00999975      0.209767342    
   5.01999998      0.205910683    
   5.02999973      0.202072397    
   5.03999996      0.198252827    
   5.04999971      0.194452301    
   5.05999994      0.190671116    
   5.06999969      0.186909556    
   5.07999992      0.183167875    
   5.08999968      0.179446310    
   5.09999990      0.175745085    
   5.10999966      0.172064364    
   5.11999989      0.168404326    
   5.13000011      0.164765090    
   5.13999987      0.161146745    
   5.15000010      0.157549381    
   5.15999985      0.153973043    
   5.17000008      0.150417745    
   5.17999983      0.146883473    
   5.19000006      0.143370181    
   5.19999981      0.139877781    
   5.21000004      0.136406183    
   5.21999979      0.132955238    
   5.23000002      0.129524782    
   5.23999977      0.126114622    
   5.25000000      0.122724526    
   5.25999975      0.119354233    
   5.26999998      0.116003461    
   5.27999973      0.112671897    
   5.28999996      0.109359197    
   5.29999971      0.106064990    
   5.30999994      0.102788873    
   5.31999969       9.95304361E-02
   5.32999992       9.62892249E-02
   5.33999968       9.30647776E-02
   5.34999990       8.98566023E-02
   5.35999966       8.66641924E-02
   5.36999989       8.34870115E-02
   5.38000011       8.03245157E-02
   5.38999987       7.71761462E-02
   5.40000010       7.40413219E-02
   5.40999985       7.09194541E-02
   5.42000008       6.78099394E-02
   5.42999983       6.47121742E-02
   5.44000006       6.16255365E-02
   5.44999981       5.85494041E-02
   5.46000004       5.54831512E-02
   5.46999979       5.24261482E-02
   5.48000002       4.93777692E-02
   5.48999977       4.63373922E-02
   5.50000000       4.33043912E-02
   5.50999975       4.02781591E-02
   5.51999998       3.72580849E-02
   5.52999973       3.42435800E-02
   5.53999996       3.12340613E-02
   5.54999971       2.82289647E-02
   5.55999994       2.52277404E-02
   5.56999969       2.22298596E-02
   5.57999992       1.92348156E-02
   5.58999968       1.62421241E-02
   5.59999990       1.32513260E-02
   5.60999966       1.02619911E-02
   5.61999989       7.27371685E-03
   5.62999964       4.28613275E-03
   5.63999987       1.29890186E-03
   5.65000010      -1.68827851E-03
   5.65999985      -4.67567379E-03
   5.67000008      -7.66351121E-03
   5.67999983      -1.06519787E-02
   5.69000006      -1.36412214E-02
   5.69999981      -1.66313425E-02
   5.71000004      -1.96224023E-02
   5.71999979      -2.26144120E-02
   5.73000002      -2.56073400E-02
   5.73999977      -2.86011044E-02
   5.75000000      -3.15955766E-02
   5.75999975      -3.45905721E-02
   5.76999998      -3.75858657E-02
   5.77999973      -4.05811742E-02
   5.78999996      -4.35761660E-02
   5.79999971      -4.65704538E-02
   5.80999994      -4.95636016E-02
   5.81999969      -5.25551215E-02
   5.82999992      -5.55444695E-02
   5.83999968      -5.85310459E-02
   5.84999990      -6.15142062E-02
   5.85999966      -6.44932464E-02
   5.86999989      -6.74674213E-02
   5.87999964      -7.04359189E-02
   5.88999987      -7.33978897E-02
   5.90000010      -7.63524249E-02
   5.90999985      -7.92985708E-02
   5.92000008      -8.22353214E-02
   5.92999983      -8.51616338E-02
   5.94000006      -8.80764052E-02
   5.94999981      -9.09785032E-02
   5.96000004      -9.38667357E-02
   5.96999979      -9.67398807E-02
   5.98000002      -9.95966718E-02
   5.98999977     -0.102435805    
   6.00000000     -0.105255932    
   6.00999975     -0.108055688    
   6.01999998     -0.110833660    
   6.02999973     -0.113588408    
   6.03999996     -0.116318472    
   6.04999971     -0.119022354    
   6.05999994     -0.121698536    
   6.06999969     -0.124345489    
   6.07999992     -0.126961648    
   6.08999968     -0.129545450    
   6.09999990     -0.132095307    
   6.10999966     -0.134609610    
   6.11999989     -0.137086764    
   6.12999964     -0.139525160    
   6.13999987     -0.141923189    
   6.15000010     -0.144279227    
   6.15999985     -0.146591663    
   6.17000008     -0.148858905    
   6.17999983     -0.151079357    
   6.19000006     -0.153251424    
   6.19999981     -0.155373544    
   6.21000004     -0.157444164    
   6.21999979     -0.159461752    
   6.23000002     -0.161424801    
   6.23999977     -0.163331822    
   6.25000000     -0.165181354    
   6.25999975     -0.166971967    
   6.26999998     -0.168702289    
   6.27999973     -0.170370951    
   6.28999996     -0.171976641    
   6.29999971     -0.173518077    
   6.30999994     -0.174994022    
   6.31999969     -0.176403299    
   6.32999992     -0.177744761    
   6.33999968     -0.179017320    
   6.34999990     -0.180219948    
   6.35999966     -0.181351662    
   6.36999989     -0.182411522    
   6.37999964     -0.183398679    
   6.38999987     -0.184312314    
   6.39999962     -0.185151681    
   6.40999985     -0.185916096    
   6.42000008     -0.186604932    
   6.42999983     -0.187217638    
   6.44000006     -0.187753722    
   6.44999981     -0.188212767    
   6.46000004     -0.188594416    
   6.46999979     -0.188898385    
   6.48000002     -0.189124450    
   6.48999977     -0.189272463    
   6.50000000     -0.189342365    
   6.50999975     -0.189334139    
   6.51999998     -0.189247847    
   6.52999973     -0.189083636    
   6.53999996     -0.188841701    
   6.54999971     -0.188522324    
   6.55999994     -0.188125834    
   6.56999969     -0.187652662    
   6.57999992     -0.187103286    
   6.58999968     -0.186478257    
   6.59999990     -0.185778171    
   6.60999966     -0.185003728    
   6.61999989     -0.184155673    
   6.62999964     -0.183234796    
   6.63999987     -0.182241976    
   6.64999962     -0.181178138    
   6.65999985     -0.180044264    
   6.67000008     -0.178841397    
   6.67999983     -0.177570641    
   6.69000006     -0.176233143    
   6.69999981     -0.174830094    
   6.71000004     -0.173362747    
   6.71999979     -0.171832383    
   6.73000002     -0.170240358    
   6.73999977     -0.168588042    
   6.75000000     -0.166876838    
   6.75999975     -0.165108219    
   6.76999998     -0.163283661    
   6.77999973     -0.161404684    
   6.78999996     -0.159472838    
   6.79999971     -0.157489702    
   6.80999994     -0.155456856    
   6.81999969     -0.153375939    
   6.82999992     -0.151248559    
   6.83999968     -0.149076387    
   6.84999990     -0.146861076    
   6.85999966     -0.144604310    
   6.86999989     -0.142307758    
   6.87999964     -0.139973104    
   6.88999987     -0.137602031    
   6.89999962     -0.135196224    
   6.90999985     -0.132757351    
   6.92000008     -0.130287096    
   6.92999983     -0.127787113    
   6.94000006     -0.125259057    
   6.94999981     -0.122704566    
   6.96000004     -0.120125256    
   6.96999979     -0.117522731    
   6.98000002     -0.114898570    
   6.98999977     -0.112254322    
   7.00000000     -0.109591514    
   7.00999975     -0.106911652    
   7.01999998     -0.104216203    
   7.02999973     -0.101506606    
   7.03999996      -9.87842605E-02
   7.04999971      -9.60505381E-02
   7.05999994      -9.33067724E-02
   7.06999969      -9.05542523E-02
   7.07999992      -8.77942294E-02
   7.08999968      -8.50279108E-02
   7.09999990      -8.22564662E-02
   7.10999966      -7.94810206E-02
   7.11999989      -7.67026469E-02
   7.12999964      -7.39223808E-02
   7.13999987      -7.11412057E-02
   7.14999962      -6.83600530E-02
   7.15999985      -6.55798167E-02
   7.17000008      -6.28013462E-02
   7.17999983      -6.00254238E-02
   7.19000006      -5.72527945E-02
   7.19999981      -5.44841550E-02
   7.21000004      -5.17201535E-02
   7.21999979      -4.89613824E-02
   7.23000002      -4.62083928E-02
   7.23999977      -4.34616841E-02
   7.25000000      -4.07217070E-02
   7.25999975      -3.79888676E-02
   7.26999998      -3.52635235E-02
   7.27999973      -3.25459912E-02
   7.28999996      -2.98365355E-02
   7.29999971      -2.71353815E-02
   7.30999994      -2.44427100E-02
   7.31999969      -2.17586625E-02
   7.32999992      -1.90833379E-02
   7.33999968      -1.64167956E-02
   7.34999990      -1.37590598E-02
   7.35999966      -1.11101158E-02
   7.36999989      -8.46991688E-03
   7.37999964      -5.83838020E-03
   7.38999987      -3.21539445E-03
   7.39999962      -6.00816682E-04
   7.40999985       2.00552330E-03
   7.41999960       4.60382178E-03
   7.42999983       7.19430018E-03
   7.44000006       9.77720134E-03
   7.44999981       1.23527888E-02
   7.46000004       1.49213457E-02
   7.46999979       1.74831711E-02
   7.48000002       2.00385787E-02
   7.48999977       2.25878954E-02
   7.50000000       2.51314584E-02
   7.50999975       2.76696160E-02
   7.51999998       3.02027203E-02
   7.52999973       3.27311307E-02
   7.53999996       3.52552086E-02
   7.54999971       3.77753153E-02
   7.55999994       4.02918160E-02
   7.56999969       4.28050682E-02
   7.57999992       4.53154296E-02
   7.58999968       4.78232503E-02
   7.59999990       5.03288731E-02
   7.60999966       5.28326295E-02
   7.61999989       5.53348437E-02
   7.62999964       5.78358248E-02
   7.63999987       6.03358708E-02
   7.64999962       6.28352612E-02
   7.65999985       6.53342605E-02
   7.66999960       6.78331181E-02
   7.67999983       7.03320652E-02
   7.69000006       7.28313029E-02
   7.69999981       7.53310248E-02
   7.71000004       7.78313950E-02
   7.71999979       8.03325623E-02
   7.73000002       8.28346387E-02
   7.73999977       8.53377283E-02
   7.75000000       8.78418982E-02
   7.75999975       9.03471932E-02
   7.76999998       9.28536355E-02
   7.77999973       9.53612253E-02
   7.78999996       9.78699327E-02
   7.79999971      0.100379698    
   7.80999994      0.102890447    
   7.81999969      0.105402067    
   7.82999992      0.107914425    
   7.83999968      0.110427365    
   7.84999990      0.112940706    
   7.85999966      0.115454242    
   7.86999989      0.117967740    
   7.87999964      0.120480955    
   7.88999987      0.122993603    
   7.89999962      0.125505388    
   7.90999985      0.128015995    
   7.91999960      0.130525082    
   7.92999983      0.133032292    
   7.94000006      0.135537252    
   7.94999981      0.138039574    
   7.96000004      0.140538856    
   7.96999979      0.143034667    
   7.98000002      0.145526588    
   7.98999977      0.148014173    
   8.00000000      0.150496960    
   8.01000023      0.152974486    
   8.01999950      0.155446291    
   8.02999973      0.157911897    
   8.03999996      0.160370827    
   8.05000019      0.162822604    
   8.05999947      0.165266752    
   8.06999969      0.167702779    
   8.07999992      0.170130208    
   8.09000015      0.172548577    
   8.09999943      0.174957410    
   8.10999966      0.177356243    
   8.11999989      0.179744631    
   8.13000011      0.182122126    
   8.13999939      0.184488297    
   8.14999962      0.186842740    
   8.15999985      0.189185038    
   8.17000008      0.191514820    
   8.17999935      0.193831712    
   8.18999958      0.196135372    
   8.19999981      0.198425457    
   8.21000004      0.200701669    
   8.22000027      0.202963725    
   8.22999954      0.205211356    
   8.23999977      0.207444340    
   8.25000000      0.209662452    
   8.26000023      0.211865515    
   8.26999950      0.214053378    
   8.27999973      0.216225907    
   8.28999996      0.218382999    
   8.30000019      0.220524594    
   8.30999947      0.222650632    
   8.31999969      0.224761114    
   8.32999992      0.226856068    
   8.34000015      0.228935540    
   8.34999943      0.230999604    
   8.35999966      0.233048365    
   8.36999989      0.235081986    
   8.38000011      0.237100631    
   8.38999939      0.239104494    
   8.39999962      0.241093814    
   8.40999985      0.243068859    
   8.42000008      0.245029911    
   8.42999935      0.246977285    
   8.43999958      0.248911336    
   8.44999981      0.250832438    
   8.46000004      0.252740979    
   8.47000027      0.254637390    
   8.47999954      0.256522089    
   8.48999977      0.258395582    
   8.50000000      0.260258317    
   8.51000023      0.262110829    
   8.51999950      0.263953626    
   8.52999973      0.265787274    
   8.53999996      0.267612308    
   8.55000019      0.269429296    
   8.55999947      0.271238834    
   8.56999969      0.273041487    
   8.57999992      0.274837881    
   8.59000015      0.276628613    
   8.59999943      0.278414279    
   8.60999966      0.280195475    
   8.61999989      0.281972826    
   8.63000011      0.283746958    
   8.63999939      0.285518438    
   8.64999962      0.287287891    
   8.65999985      0.289055884    
   8.67000008      0.290823013    
   8.67999935      0.292589813    
   8.68999958      0.294356853    
   8.69999981      0.296124667    
   8.71000004      0.297893763    
   8.72000027      0.299664646    
   8.72999954      0.301437765    
   8.73999977      0.303213596    
   8.75000000      0.304992527    
   8.76000023      0.306774974    
   8.76999950      0.308561265    
   8.77999973      0.310351759    
   8.78999996      0.312146723    
   8.80000019      0.313946396    
   8.80999947      0.315751016    
   8.81999969      0.317560762    
   8.82999992      0.319375783    
   8.84000015      0.321196139    
   8.84999943      0.323021889    
   8.85999966      0.324853063    
   8.86999989      0.326689571    
   8.88000011      0.328531355    
   8.88999939      0.330378264    
   8.89999962      0.332230121    
   8.90999985      0.334086686    
   8.92000008      0.335947663    
   8.92999935      0.337812722    
   8.93999958      0.339681447    
   8.94999981      0.341553420    
   8.96000004      0.343428105    
   8.97000027      0.345304996    
   8.97999954      0.347183466    
   8.98999977      0.349062860    
   9.00000000      0.350942463    
   9.01000023      0.352821529    
   9.01999950      0.354699224    
   9.02999973      0.356574714    
   9.03999996      0.358447045    
   9.05000019      0.360315293    
   9.05999947      0.362178445    
   9.06999969      0.364035428    
   9.07999992      0.365885139    
   9.09000015      0.367726415    
   9.09999943      0.369558096    
   9.10999966      0.371378928    
   9.11999989      0.373187631    
   9.13000011      0.374982893    
   9.13999939      0.376763374    
   9.14999962      0.378527701    
   9.15999985      0.380274445    
   9.17000008      0.382002145    
   9.17999935      0.383709311    
   9.18999958      0.385394454    
   9.19999981      0.387056053    
   9.21000004      0.388692558    
   9.22000027      0.390302420    
   9.22999954      0.391884029    
   9.23999977      0.393435776    
   9.25000000      0.394956082    
   9.26000023      0.396443307    
   9.26999950      0.397895843    
   9.27999973      0.399312049    
   9.28999996      0.400690287    
   9.30000019      0.402028948    
   9.30999947      0.403326422    
   9.31999969      0.404581070    
   9.32999992      0.405791312    
   9.34000015      0.406955570    
   9.34999943      0.408072263    
   9.35999966      0.409139842    
   9.36999989      0.410156786    
   9.38000011      0.411121577    
   9.38999939      0.412032753    
   9.39999962      0.412888855    
   9.40999985      0.413688481    
   9.42000008      0.414430261    
   9.42999935      0.415112853    
   9.43999958      0.415734947    
   9.44999981      0.416295290    
   9.46000004      0.416792691    
   9.46999931      0.417225987    
   9.47999954      0.417594075    
   9.48999977      0.417895883    
   9.50000000      0.418130398    
   9.51000023      0.418296695    
   9.51999950      0.418393850    
   9.52999973      0.418421060    
   9.53999996      0.418377548    
   9.55000019      0.418262601    
   9.55999947      0.418075591    
   9.56999969      0.417815924    
   9.57999992      0.417483091    
   9.59000015      0.417076647    
   9.59999943      0.416596204    
   9.60999966      0.416041464    
   9.61999989      0.415412158    
   9.63000011      0.414708167    
   9.63999939      0.413929343    
   9.64999962      0.413075686    
   9.65999985      0.412147224    
   9.67000008      0.411144078    
   9.67999935      0.410066426    
   9.68999958      0.408914536    
   9.69999981      0.407688707    
   9.71000004      0.406389326    
   9.71999931      0.405016869    
   9.72999954      0.403571844    
   9.73999977      0.402054846    
   9.75000000      0.400466532    
   9.76000023      0.398807645    
   9.76999950      0.397078961    
   9.77999973      0.395281315    
   9.78999996      0.393415600    
   9.80000019      0.391482800    
   9.80999947      0.389483929    
   9.81999969      0.387420088    
   9.82999992      0.385292381    
   9.84000015      0.383102000    
   9.84999943      0.380850136    
   9.85999966      0.378538102    
   9.86999989      0.376167208    
   9.88000011      0.373738796    
   9.88999939      0.371254295    
   9.89999962      0.368715137    
   9.90999985      0.366122782    
   9.92000008      0.363478720    
   9.92999935      0.360784501    
   9.93999958      0.358041674    
   9.94999981      0.355251819    
   9.96000004      0.352416545    
   9.96999931      0.349537462    
   9.97999954      0.346616238    
   9.98999977      0.343654484    
   10.0000000      0.340653867    
